1 2 3 4 5 6 7 8 9 10 11 12 13 14
      0.0000     -0.0029     -0.0612     -0.0647     -0.0561     -0.1393     -0.1348     -0.1400     -0.1683     -0.1924     -0.1936     -0.1431     -0.1449     -0.1590
      0.0000      0.0082     -0.0328     -0.0362     -0.0310     -0.0877     -0.0842     -0.0877     -0.1073     -0.1238     -0.1248     -0.0903     -0.0915     -0.1010
      0.0000      0.0083     -0.0332     -0.0366     -0.0313     -0.0887     -0.0852     -0.0889     -0.1085     -0.1252     -0.1262     -0.0913     -0.0925     -0.1021
      0.0000      0.0071     -0.0285     -0.0314     -0.0269     -0.0762     -0.0733     -0.0764     -0.0933     -0.1077     -0.1084     -0.0784     -0.0795     -0.0877
      0.0000      0.0066     -0.0262     -0.0289     -0.0247     -0.0701     -0.0673     -0.0701     -0.0857     -0.0990     -0.0997     -0.0721     -0.0731     -0.0807
      0.0000      0.0076     -0.0303     -0.0334     -0.0286     -0.0809     -0.0777     -0.0811     -0.0990     -0.1142     -0.1151     -0.0833     -0.0844     -0.0932
      0.0000      0.0098     -0.0390     -0.0430     -0.0368     -0.1044     -0.1003     -0.1045     -0.1277     -0.1474     -0.1484     -0.1075     -0.1089     -0.1202
      0.0000      0.0015     -0.0883     -0.0943     -0.0815     -0.2090     -0.2017     -0.2098     -0.2531     -0.2901     -0.2919     -0.2148     -0.2175     -0.2389
      0.0000     -0.0002      0.0060     -0.0850     -0.0794     -0.2391     -0.2246     -0.2350     -0.2916     -0.3396     -0.3437     -0.2463     -0.2495     -0.2750
      0.0000     -0.0065     -0.0072     -0.0981     -0.0910     -0.2618     -0.2468     -0.2579     -0.3182     -0.3694     -0.3736     -0.2695     -0.2730     -0.3004
      0.0000     -0.0101     -0.0193     -0.1104     -0.1017     -0.2853     -0.2697     -0.2815     -0.3461     -0.4009     -0.4053     -0.2936     -0.2973     -0.3269
      0.0000     -0.0101     -0.0266     -0.1183     -0.1086     -0.3027     -0.2865     -0.2990     -0.3671     -0.4250     -0.4295     -0.3116     -0.3155     -0.3468
      0.0000     -0.0094     -0.0264     -0.1238     -0.1138     -0.3190     -0.3017     -0.3149     -0.3870     -0.4482     -0.4530     -0.3283     -0.3325     -0.3656
      0.0000     -0.0094     -0.0130     -0.1229     -0.1138     -0.3243     -0.3061     -0.3198     -0.3939     -0.4569     -0.4620     -0.3339     -0.3381     -0.3719
      0.0000     -0.0101     -0.0273     -0.1190     -0.1092     -0.3043     -0.2881     -0.3007     -0.3691     -0.4272     -0.4317     -0.3132     -0.3171     -0.3486
      0.0000     -0.0101     -0.0185     -0.1096     -0.1010     -0.2835     -0.2680     -0.2798     -0.3439     -0.3984     -0.4027     -0.2918     -0.2955     -0.3249
      0.0000     -0.0078     -0.0100     -0.1008     -0.0934     -0.2665     -0.2515     -0.2627     -0.3237     -0.3755     -0.3797     -0.2743     -0.2779     -0.3056
      0.0000     -0.0032     -0.0002     -0.0912     -0.0848     -0.2500     -0.2352     -0.2459     -0.3042     -0.3537     -0.3579     -0.2575     -0.2608     -0.2872
      0.0000     -0.0035     -0.1100     -0.1167     -0.1011     -0.2532     -0.2447     -0.2544     -0.3060     -0.3500     -0.3522     -0.2601     -0.2634     -0.2890
      0.0000     -0.0017      0.0029     -0.0881     -0.0821     -0.2445     -0.2299     -0.2405     -0.2979     -0.3467     -0.3508     -0.2518     -0.2550     -0.2810
      0.0000     -0.0101     -0.0320     -0.1240     -0.1135     -0.3152     -0.2986     -0.3117     -0.3823     -0.4424     -0.4471     -0.3244     -0.3285     -0.3611
      0.0000     -0.0101     -0.0195     -0.1107     -0.1020     -0.2859     -0.2704     -0.2824     -0.3469     -0.4018     -0.4061     -0.2943     -0.2980     -0.3276
      0.0000     -0.0101     -0.1058     -0.1112     -0.0966     -0.2345     -0.2271     -0.2359     -0.2826     -0.3224     -0.3243     -0.2409     -0.2438     -0.2672
      0.0000     -0.0075     -0.0707     -0.0742     -0.0645     -0.1559     -0.1508     -0.1567     -0.1875     -0.2139     -0.2152     -0.1601     -0.1621     -0.1775
