ALL1 NRC1 NRC2 NRC3 ROB1 ROB2 SBO1 SBO2
    0   90    0    0    0   30    0    0
    0   82    0    0    0    0    0    0
    0   83    0    0    0    0    0    0
    0   71    0    0    0    0    0    0
    0   65    0    0    0    0    0    0
    0   75    0    0    0    0    0    0
    0   97    0    0    0    0    0    0
    0   60    0    0    0   32    0  110
    0    0    0   90    0   59    0  110
    0    0    0  102    0   64    0  110
    0    0    0  119    0   67    0  110
    0    0    0  109    0   66    0  135
    0    0    0  109    0   66    0  139
    0    0    0  109    0   66    0  141
    0    0    0  109    0   66    0  135
    0    0    0  117    0   67    0  110
    0    0    0  105    0   64    0  110
    0    0    0   95    0   62    0  110
    0    0    0   90    0   41    0  110
    0    0    0   92    0   61    0  110
    0    0    0  109    0   66    0  137
    0    0    0  120    0   67    0  110
    0    0    0  166    0   52    0    0
    0    0    0   95    0   49    0    0
