ALL1 NRC1 NRC2 NRC3 ROB1 ROB2 SBO1 SBO2
    0    1    0    0    0    1    0    0
    0    1    0    0    0    0    0    0
    0    1    0    0    0    0    0    0
    0    1    0    0    0    0    0    0
    0    1    0    0    0    0    0    0
    0    1    0    0    0    0    0    0
    0    1    0    0    0    0    0    0
    0    1    0    0    0    1    0    1
    0    0    0    1    0    1    0    1
    0    0    0    1    0    1    0    1
    0    0    0    1    0    1    0    1
    0    0    0    1    0    1    0    1
    0    0    0    1    0    1    0    1
    0    0    0    1    0    1    0    1
    0    0    0    1    0    1    0    1
    0    0    0    1    0    1    0    1
    0    0    0    1    0    1    0    1
    0    0    0    1    0    1    0    1
    0    0    0    1    0    1    0    1
    0    0    0    1    0    1    0    1
    0    0    0    1    0    1    0    1
    0    0    0    1    0    1    0    1
    0    0    0    1    0    1    0    0
    0    0    0    1    0    1    0    0
