1 2 3 4 5 6 7 8 9 10 11 12 13 14
      0.0000     -0.0029     -0.0612     -0.0647     -0.0561     -0.1395     -0.1349     -0.1402     -0.1685     -0.1926     -0.1938     -0.1433     -0.1450     -0.1591
      0.0000      0.0082     -0.0329     -0.0362     -0.0310     -0.0878     -0.0843     -0.0878     -0.1074     -0.1240     -0.1249     -0.0904     -0.0916     -0.1011
      0.0000      0.0083     -0.0332     -0.0366     -0.0313     -0.0888     -0.0853     -0.0890     -0.1086     -0.1254     -0.1263     -0.0914     -0.0926     -0.1022
      0.0000      0.0071     -0.0285     -0.0315     -0.0269     -0.0763     -0.0733     -0.0765     -0.0934     -0.1078     -0.1085     -0.0785     -0.0796     -0.0878
      0.0000      0.0066     -0.0262     -0.0289     -0.0247     -0.0701     -0.0674     -0.0702     -0.0858     -0.0991     -0.0998     -0.0722     -0.0731     -0.0807
      0.0000      0.0076     -0.0303     -0.0334     -0.0286     -0.0810     -0.0778     -0.0811     -0.0991     -0.1143     -0.1152     -0.0834     -0.0845     -0.0933
      0.0000      0.0098     -0.0391     -0.0431     -0.0369     -0.1045     -0.1004     -0.1046     -0.1278     -0.1475     -0.1486     -0.1076     -0.1090     -0.1204
      0.0000     -0.0018      0.0209     -0.0688     -0.0654     -0.2020     -0.1888     -0.1978     -0.2464     -0.2878     -0.2915     -0.2080     -0.2108     -0.2324
      0.0000     -0.0096     -0.0139     -0.1047     -0.0968     -0.2731     -0.2579     -0.2694     -0.3314     -0.3841     -0.3884     -0.2811     -0.2846     -0.3130
      0.0000     -0.0101     -0.0226     -0.1140     -0.1049     -0.2932     -0.2774     -0.2896     -0.3558     -0.4120     -0.4164     -0.3018     -0.3056     -0.3360
      0.0000     -0.0099     -0.0323     -0.1243     -0.1138     -0.3160     -0.2993     -0.3123     -0.3833     -0.4435     -0.4482     -0.3252     -0.3293     -0.3620
      0.0000     -0.0094     -0.0116     -0.1228     -0.1138     -0.3248     -0.3064     -0.3202     -0.3944     -0.4576     -0.4634     -0.3341     -0.3383     -0.3722
      0.0000     -0.0094     -0.0120     -0.1231     -0.1138     -0.3233     -0.3071     -0.3212     -0.3951     -0.4557     -0.4590     -0.3332     -0.3376     -0.3724
      0.0000     -0.0094     -0.0117     -0.1228     -0.1138     -0.3245     -0.3062     -0.3200     -0.3941     -0.4572     -0.4624     -0.3341     -0.3383     -0.3722
      0.0000     -0.0094     -0.0117     -0.1228     -0.1138     -0.3242     -0.3067     -0.3206     -0.3947     -0.4580     -0.4615     -0.3337     -0.3382     -0.3725
      0.0000     -0.0101     -0.0315     -0.1235     -0.1131     -0.3141     -0.2976     -0.3105     -0.3810     -0.4409     -0.4455     -0.3233     -0.3274     -0.3599
      0.0000     -0.0101     -0.0244     -0.1159     -0.1065     -0.2973     -0.2814     -0.2938     -0.3607     -0.4176     -0.4220     -0.3060     -0.3099     -0.3407
      0.0000     -0.0101     -0.0182     -0.1093     -0.1008     -0.2830     -0.2674     -0.2792     -0.3432     -0.3976     -0.4019     -0.2913     -0.2950     -0.3243
      0.0000     -0.0024      0.0015     -0.0894     -0.0833     -0.2468     -0.2322     -0.2429     -0.3007     -0.3498     -0.3539     -0.2542     -0.2575     -0.2836
      0.0000     -0.0101     -0.0162     -0.1071     -0.0990     -0.2781     -0.2629     -0.2745     -0.3376     -0.3911     -0.3954     -0.2862     -0.2898     -0.3187
      0.0000     -0.0094     -0.0119     -0.1231     -0.1138     -0.3234     -0.3071     -0.3212     -0.3951     -0.4585     -0.4602     -0.3329     -0.3373     -0.3721
      0.0000     -0.0095     -0.0322     -0.1243     -0.1138     -0.3164     -0.2997     -0.3129     -0.3838     -0.4441     -0.4488     -0.3256     -0.3297     -0.3625
      0.0000     -0.0042     -0.1102     -0.1168     -0.1012     -0.2528     -0.2444     -0.2541     -0.3055     -0.3493     -0.3514     -0.2598     -0.2630     -0.2886
      0.0000     -0.0101     -0.0794     -0.0831     -0.0723     -0.1728     -0.1674     -0.1738     -0.2078     -0.2367     -0.2381     -0.1775     -0.1797     -0.1966
