P12 P15 P23 P24 P25 P34 P45 P47 P49 P56 P611 P612 P613 P78 P79 P910 P914 P1011 P1213 P1314
        4.85       25.15       29.48       35.08       30.61        2.05      -20.49       33.55       18.66       33.08       27.32        1.49        4.27        3.00       30.55       28.54       -3.46        0.61        0.88        4.06
      -13.89       13.89       20.76       25.19       22.54        1.94      -12.38       23.00       12.80       22.56       18.63        1.01        2.92        2.00       21.00       19.61       -2.32        0.49        0.61        2.72
      -14.04       14.04       20.98       25.47       22.79        1.96      -12.52       23.30       12.95       22.81       18.84        1.02        2.95        2.10       21.20       19.80       -2.36        0.48        0.62        2.76
      -12.07       12.07       18.02       21.89       19.59        1.71      -10.77       20.03       11.14       19.59       16.22        0.85        2.52        1.80       18.23       17.02       -2.07        0.40        0.55        2.37
      -11.09       11.09       16.57       20.11       18.00        1.55       -9.87       18.39       10.24       18.02       14.93        0.79        2.30        1.60       16.79       15.70       -1.88        0.38        0.49        2.18
      -12.81       12.81       19.13       23.23       20.80        1.81      -11.41       21.24       11.81       20.81       17.18        0.94        2.69        1.90       19.34       18.06       -2.13        0.44        0.54        2.53
      -16.53       16.53       24.67       29.97       26.83        2.35      -14.72       27.39       15.24       26.83       22.17        1.21        3.46        2.40       24.99       23.28       -2.77        0.56        0.71        3.27
        3.07       29.33      -11.48       37.97       36.57       52.43       -7.98       57.42       31.95       54.19       45.02        2.38        6.79        5.06       52.36       48.92       -5.20        1.95        1.39        6.19
       16.21       43.39        2.16       53.92       50.14       53.09      -18.73       73.30       40.77       69.96       57.97        3.12        8.88        6.49       66.81       62.37       -6.82        2.20        1.80        8.14
       17.00       47.03        6.35       58.96       54.54       53.43      -21.66       78.14       43.47       74.74       61.93        3.34        9.47        6.93       71.21       66.55       -7.31        2.31        1.91        8.74
       16.74       51.00       11.31       64.86       59.72       53.77      -24.97       83.71       46.58       80.25       66.45        3.59       10.21        7.37       76.34       71.27       -7.87        2.41        2.05        9.41
       15.92       51.00        1.10       64.29       60.00       65.00      -21.44       87.81       48.84       83.73       69.70        3.63       10.40        7.81       80.00       74.82       -8.23        3.00        2.13        9.73
       15.92       51.00        1.28       64.49       60.00       65.00      -22.26       87.99       48.90       83.14       68.25        3.89       11.00        8.00       79.99       71.70       -8.40        1.73        2.19       10.00
       15.92       51.00        1.13       64.32       60.00       65.00      -21.56       87.71       48.78       83.63       69.30        3.73       10.60        7.81       79.90       74.64       -8.13        2.67        2.13        9.73
       15.92       51.00        1.13       64.32       60.00       65.00      -21.56       87.92       48.88       83.50       69.05        3.72       10.72        7.92       80.00       74.89       -8.22        1.85        2.22        9.87
       17.00       50.70       10.85       64.32       59.25       53.75      -24.68       83.25       46.31       79.78       66.03        3.58       10.17        7.37       75.88       70.81       -7.81        2.39        2.04        9.35
       17.00       47.75        7.26       60.01       55.47       53.46      -22.23       79.14       44.02       75.72       62.70        3.38        9.64        7.04       72.10       67.32       -7.41        2.31        1.95        8.84
       17.00       45.19        4.10       56.27       52.18       53.27      -20.14       75.62       42.06       72.28       59.79        3.27        9.23        6.71       68.91       64.29       -7.00        2.25        1.84        8.43
        3.99       37.35       -1.95       49.38       46.56       53.16      -14.51       68.29       37.99       64.88       53.85        2.87        8.17        6.05       62.24       58.13       -6.31        2.14        1.66        7.52
       17.00       44.37        3.11       55.06       51.13       53.16      -19.45       74.48       41.43       71.09       58.95        3.15        8.99        6.60       67.88       63.37       -6.98        2.21        1.83        8.30
       15.92       51.00        1.24       64.45       60.00       65.00      -22.09       88.00       48.91       83.18       68.78        3.71       10.69        8.00       80.00       75.00       -8.50        0.89        2.21       10.00
       16.01       51.00       11.48       65.10       59.97       53.83      -24.96       83.92       46.67       80.39       66.57        3.60       10.23        7.48       76.44       71.37       -7.89        2.40        2.06        9.43
        7.02       45.38       53.57       63.89       55.83        3.85      -37.00       61.03       33.93       60.14       49.60        2.72        7.83        5.50       55.53       51.82       -6.26        1.11        1.62        7.36
       17.00       32.41       35.04       41.42       35.79        2.15      -25.66       40.32       22.41       39.90       32.82        1.84        5.24        3.63       36.69       34.28       -4.11        0.73        1.07        4.88
