ALL1 NRC1 NRC2 NRC3 ROB1 ROB2 SBO1 SBO2
    0   90    0    0    0   30    0    0
    0   82    0    0    0    0    0    0
    0   83    0    0    0    0    0    0
    0   71    0    0    0    0    0    0
    0   65    0    0    0    0    0    0
    0   75    0    0    0    0    0    0
    0   97    0    0    0    0    0    0
    0   60    0   90    0   34    0    0
    0    0    0   90    0   36    0  110
    0    0    0   90    0   51    0  110
    0    0    0   97    0   62    0  110
    0    0    0  109    0   65    0  110
    0    0    0  117    0   66    0  116
    0    0    0  110    0   66    0  132
    0    0    0  110    0   65    0  110
    0    0    0   96    0   62    0  110
    0    0    0   90    0   55    0  110
    0    0    0   90    0   43    0  110
    0   60    0    0    0   49    0  110
    0   60    0    0    0   54    0  124
    0   95    0    0    0   65    0  135
    0   97    0    0    0   62    0  110
    0  138    0    0    0   60    0    0
    0   84    0    0    0   46    0    0
