PG_NRC3 PG_NRC1
        0.00       90.20
        0.00       82.30
        0.00       83.20
        0.00       71.50
        0.00       65.70
        0.00       75.90
        0.00       97.90
       90.00       60.00
       90.00        0.00
       90.00        0.00
       97.28        0.00
      109.42        0.00
      117.52        0.00
      110.20        0.00
      110.53        0.00
       96.00        0.00
       90.00        0.00
       90.00        0.00
        0.00       60.00
        0.00       60.00
        0.00       95.68
        0.00       97.76
        0.00      138.49
        0.00       84.74
