PG_NRC3 PG_NRC1
        0.00       90.32
        0.00       82.38
        0.00       83.28
        0.00       71.57
        0.00       65.77
        0.00       75.98
        0.00       98.00
        0.00       60.00
       90.00        0.00
      102.84        0.00
      119.15        0.00
      109.47        0.00
      109.84        0.00
      109.53        0.00
      109.53        0.00
      117.43        0.00
      105.75        0.00
       95.55        0.00
       90.00        0.00
       92.30        0.00
      109.77        0.00
      120.54        0.00
      166.28        0.00
       95.24        0.00
