ALL1 NRC1 NRC2 NRC3 ROB1 ROB2 SBO1 SBO2
    13396.07        0.00    13454.04    21141.21    14125.33        0.00     7018.26     7018.26
        0.00        0.00        0.00        0.00        0.00     3246.60        0.00        0.00
        0.00        0.00        0.00        0.00        0.00        0.00        0.00        0.00
        0.00        0.00        0.00        0.00        0.00        0.00        0.00        0.00
        0.00        0.00        0.00        0.00        0.00        0.00        0.00        0.00
        0.00        0.00        0.00        0.00        0.00        0.00        0.00        0.00
        0.00        0.00        0.00        0.00        0.00        0.00        0.00        0.00
        0.00        0.00        0.00    21141.21        0.00     3246.60        0.00        0.00
        0.00     6135.27        0.00        0.00        0.00        0.00        0.00     7018.26
        0.00        0.00        0.00        0.00        0.00        0.00        0.00        0.00
        0.00        0.00        0.00        0.00        0.00        0.00        0.00        0.00
        0.00        0.00        0.00        0.00        0.00        0.00        0.00        0.00
        0.00        0.00        0.00        0.00        0.00        0.00        0.00        0.00
        0.00        0.00        0.00        0.00        0.00        0.00        0.00        0.00
        0.00        0.00        0.00        0.00        0.00        0.00        0.00        0.00
        0.00        0.00        0.00        0.00        0.00        0.00        0.00        0.00
        0.00        0.00        0.00        0.00        0.00        0.00        0.00        0.00
        0.00        0.00        0.00        0.00        0.00        0.00        0.00        0.00
        0.00        0.00        0.00        0.00        0.00        0.00        0.00     7018.26
        0.00        0.00        0.00        0.00        0.00        0.00        0.00     7018.26
        0.00        0.00        0.00        0.00        0.00        0.00        0.00        0.00
        0.00        0.00        0.00        0.00        0.00        0.00        0.00        0.00
        0.00        0.00        0.00        0.00        0.00        0.00        0.00     7018.26
        0.00        0.00        0.00        0.00        0.00        0.00        0.00        0.00
