PG_ROB2 U_ROB2 P(1,2) P(1,5) Th1 Th2
       30.00  1        4.87       25.13  0     -0.0029
        0.00  0      -13.88       13.88  0      0.0082
        0.00  0      -14.03       14.03  0      0.0083
        0.00  0      -12.06       12.06  0      0.0071
        0.00  0      -11.08       11.08  0      0.0066
        0.00  0      -12.80       12.80  0      0.0076
        0.00  0      -16.51       16.51  0      0.0098
       34.00  1       -2.55       36.55  0      0.0015
       36.00  1        0.42       35.58  0     -0.0002
       51.70  1       10.92       40.78  0     -0.0065
       62.62  1       17.00       45.62  0     -0.0101
       65.68  1       17.00       48.68  0     -0.0101
       66.92  1       15.92       51.00  0     -0.0094
       66.92  1       15.92       51.00  0     -0.0094
       65.97  1       17.00       48.97  0     -0.0101
       62.30  1       17.00       45.30  0     -0.0101
       55.00  1       13.13       41.87  0     -0.0078
       43.40  1        5.36       38.04  0     -0.0032
       51.31  1        5.98       45.33  0     -0.0035
       39.70  1        2.89       36.81  0     -0.0017
       67.90  1       17.00       50.90  0     -0.0101
       62.74  1       17.00       45.74  0     -0.0101
       60.31  1       17.00       43.31  0     -0.0101
       41.50  1       12.59       28.91  0     -0.0075
