P12 P15 P23 P24 P25 P34 P45 P47 P49 P56 P611 P612 P613 P78 P79 P910 P914 P1011 P1213 P1314
        4.87       25.13       29.45       35.04       30.58        2.05      -20.47       33.52       18.64       33.04       27.29        1.48        4.27        3.00       30.52       28.51       -3.45        0.61        0.88        4.05
      -13.88       13.88       20.74       25.16       22.52        1.94      -12.36       22.98       12.79       22.53       18.61        1.01        2.91        2.00       20.98       19.59       -2.32        0.49        0.61        2.72
      -14.03       14.03       20.96       25.44       22.77        1.96      -12.51       23.28       12.94       22.78       18.82        1.02        2.94        2.10       21.18       19.78       -2.36        0.48        0.62        2.76
      -12.06       12.06       18.00       21.87       19.57        1.70      -10.76       20.01       11.12       19.57       16.20        0.85        2.51        1.80       18.21       17.00       -2.07        0.40        0.55        2.37
      -11.08       11.08       16.55       20.09       17.98        1.55       -9.86       18.38       10.23       18.00       14.92        0.79        2.29        1.60       16.78       15.68       -1.88        0.38        0.49        2.18
      -12.80       12.80       19.11       23.21       20.78        1.81      -11.39       21.22       11.80       20.78       17.16        0.94        2.68        1.90       19.32       18.04       -2.13        0.44        0.54        2.53
      -16.51       16.51       24.64       29.94       26.80        2.34      -14.71       27.37       15.23       26.81       22.14        1.21        3.46        2.40       24.97       23.26       -2.76        0.56        0.71        3.26
       -2.55       36.55       45.38       54.33       47.75        3.48      -30.32       51.37       28.56       50.57       41.72        2.28        6.58        4.60       46.77       43.68       -5.25        0.98        1.38        6.15
        0.42       35.58       -3.14       48.05       45.50       53.16      -13.30       66.77       37.14       63.39       52.57        2.81        8.00        5.90       60.87       56.83       -6.12        2.13        1.61        7.32
       10.92       40.78        0.36       51.96       48.60       53.16      -16.90       71.14       39.57       67.79       56.21        3.02        8.56        6.30       64.84       60.59       -6.58        2.19        1.72        7.88
       17.00       45.62        4.66       56.90       52.73       53.26      -20.51       76.18       42.39       72.83       60.33        3.26        9.24        6.70       69.48       64.87       -7.10        2.27        1.86        8.50
       17.00       48.68        8.38       61.38       56.66       53.58      -23.01       80.42       44.74       77.04       63.74        3.47        9.83        7.10       73.32       68.46       -7.50        2.36        1.97        9.00
       15.92       51.00        8.55       64.90       60.00       57.00      -23.98       85.06       47.32       81.42       67.40        3.66       10.36        7.50       77.56       72.40       -7.93        2.50        2.06        9.53
       15.92       51.00        1.79       64.34       60.00       64.26      -21.65       87.62       48.73       83.55       69.23        3.73       10.59        7.80       79.82       74.57       -8.12        2.67        2.13        9.72
       17.00       48.97        8.71       61.78       57.03       53.61      -23.20       80.84       44.96       77.40       64.05        3.48        9.87        7.20       73.64       68.75       -7.55        2.35        1.98        9.05
       17.00       45.30        4.25       56.43       52.32       53.25      -20.22       75.76       42.14       72.40       59.95        3.25        9.20        6.70       69.06       64.45       -7.05        2.25        1.85        8.45
       13.13       41.87        1.11       52.77       49.24       53.11      -17.63       72.04       40.07       68.69       56.91        3.06        8.72        6.40       65.64       61.29       -6.68        2.19        1.76        7.98
        5.36       38.04       -1.51       49.90       46.97       53.19      -14.99       68.87       38.31       65.52       54.24        2.95        8.33        6.10       62.77       58.56       -6.28        2.16        1.65        7.58
        5.98       45.33       53.79       64.17       56.11        3.89      -37.00       61.22       34.04       60.34       49.77        2.73        7.85        5.50       55.72       52.03       -6.27        1.13        1.63        7.37
        2.89       36.81       -2.32       48.97       46.24       53.18      -14.12       67.84       37.74       64.43       53.47        2.85        8.11        6.00       61.84       57.73       -6.26        2.13        1.65        7.46
       17.00       50.90       11.08       64.62       59.50       53.78      -24.86       83.51       46.45       80.04       66.28        3.57       10.19        7.40       76.11       71.12       -7.86        2.42        2.07        9.36
       17.00       45.74        4.79       57.07       52.89       53.29      -20.57       76.36       42.47       72.97       60.44        3.26        9.26        6.80       69.56       64.96       -7.12        2.26        1.86        8.52
       17.00       43.31       48.36       57.36       49.77        3.16      -34.65       55.44       30.82       54.73       45.12        2.48        7.13        5.00       50.44       47.08       -5.71        0.98        1.48        6.71
       12.59       28.91       31.94       37.85       32.80        2.04      -23.05       36.66       20.38       36.26       29.83        1.67        4.76        3.30       33.36       31.17       -3.73        0.67        0.97        4.43
